ntu tr  [  0,   1,   2,   3,   5,   6,   7,   8,  10,  11,  13,  16,  17,  18,
  19,  20,  21,  22,  23,  25,  27,  28,  29,  31,  33,  34,  36,  39,
  40,  41,  46,  48,  49,  52,  53,  55,  58,  63,  64,  65,  66,  68,
  70,  71,  72,  73,  74,  76,  77,  78,  79,  80,  81,  82,  84,  85,
  87,  88,  89,  90,  91,  93,  94,  96,  98,  99, 101, 103, 104, 105,
 106, 107, 108, 109, 110, 113, 114, 115, 117, 118,]
ntu val [ 15,  35,  37,  38,  42,  47,  50,  51,  54,  56,  57,  59,  60,  61,
  67,  69,  92,  95,  97, 116,]
ntu test [  4,   9,  12,  14,  24,  26,  30,  32,  43,  44,  45,  62,  75,  83,
  86, 100, 102, 111, 112, 119,]
kinetics tr  [  1,   2,   5,   6,   8,   9,  11,  12,  13,  14,  15,  16,  17,  18,
  19,  20,  21,  23,  24,  25,  26,  27,  28,  29,  30,  31,  32,  33,
  34,  38,  39,  40,  41,  43,  47,  48,  49,  50,  51,  52,  58,  59,
  63,  64,  65,  66,  67,  68,  69,  70,  71,  72,  73,  74,  75,  76,
  77,  78,  79,  82,  83,  84,  85,  86,  87,  89,  90,  91,  93,  95,
  97, 102, 105, 109, 110, 111, 113, 117, 118, 119,]
kinetics val [  4,   7,  10,  36,  37,  42,  44,  45,  55,  56,  61,  88,  94,  98,
 103, 104, 106, 108, 116, 120,]
kinetics test [  3,  22,  35,  46,  53,  54,  57,  60,  62,  80,  81,  92,  96,  99,
 100, 101, 107, 112, 114, 115,]
